10
20
44
38
60
68
18
96
26
66
46
63
95
96
85
100
90
58
60
5
64
71
6
73
29
71
30
12
16
25
18
75
75
19
65
16
95
69
82
53
48
69
10
9
29
10
47
63
54
90
30
92
67
91
22
89
15
32
53
33
57
50
96
71
15
3
22
81
90
22
17
15
100
2
36
42
42
65
51
77
30
72
56
86
5
43
32
29
59
96
19
47
7
57
90
86
51
36
15
88
61
75
94
60
68
57
50
83
36
62
22
74
50
11
39
6
20
70
65
42
83
90
86
65
73
69
33
20
100
44
16
66
67
86
80
66
78
86
81
41
68
3
13
31
94
38
65
4
25
80
66
30
36
65
80
87
48
18
83
9
34
1
46
52
29
10
92
47
84
92
41
93
89
58
13
51
39
48
96
52
95
17
63
60
86
19
63
23
1
13
68
6
16
47
60
54
80
68
49
54
57
37
17
69
49
61
71
84
5
79
36
6
4
94
76
38
33
14
28
7
12
58
93
50
89
75
29
39
14
77
62
70
25
14
33
19
13
71
23
61
69
29
94
26
31
8
60
61
34
7
39
26
39
26
40
93
34
11
10
72
49
37
39
46
89
13
4
43
34
70
71
29
79
1
32
47
66
68
34
99
59
31
65
77
88
22
62
4
67
53
95
35
52
2
91
34
51
17
67
54
25
17
61
5
55
95
57
89
89
45
82
55
63
51
11
41
83
4
91
4
17
44
93
13
63
10
25
93
39
34
48
92
67
29
53
31
72
80
9
90
93
56
70
80
25
17
66
81
76
11
71
34
78
5
15
12
99
51
44
53
87
10
60
15
24
25
73
60
81
60
34
83
38
87
23
70
95
76
93
98
68
76
89
77
29
95
39
54
49
26
21
28
4
100
1
72
8
14
95
87
51
92
89
2
5
50
58
96
52
97
9
59
97
81
34
56
36
97
26
70
64
5
60
42
66
53
85
86
89
29
99
76
28
7
81
68
68
55
18
27
3
10
54
25
38
100
48
89
52
18
83
92
74
70
5
41
3
41
68
49
76
7
12
76
96
52
30
40
59
29
7
93
84
87
99
41
44
72
28
24
22
77
9
23
8
26
45
31
93
50
38
76
88
46
100
57
66
14
93
100
